[176.47861898 229.04822894]
[101.8341175  -76.34807783]
[140.86221346  32.84242584]
[228.72724047 203.77366057]
[214.19978658  25.4824691 ]
[-5.42489307 84.96808572]
[42.09646563 41.56934561]
[ 97.5645881  197.04952675]
[225.6103458  277.14929008]
[177.15923042 228.33488864]
[216.00219793 192.56978009]
[141.0500312  242.65899902]
[187.50644046 118.92432258]
[17.16351719 82.91313283]
[139.83258016 121.4357325 ]
[ 89.21010628 121.41118797]
[131.83627413 159.17884854]
[ 87.47081272 153.41745483]
[ 60.452039   233.02742828]
[ 25.74116468 251.75162265]
[177.46780603 152.70565503]
[126.2373935   34.79424334]
[ 55.52609108 215.65463064]
[ 69.77652458 165.07067569]
[119.96008452  51.8812249 ]
[164.88634614  79.59609835]
[125.59830979 109.14878207]
[141.50411462 110.82763194]
[113.42335033 210.90352426]
[ 11.02472976 123.90413874]
[264.62521175 154.50677021]
[144.19883042 184.05891932]
[ 43.63029892 221.05572135]
[131.3477752  176.79865805]
[100.93796989  80.29360704]
[173.4322349  127.15462613]
[172.22652795  48.64913382]
[196.24925721 141.91094319]
[135.61166638 178.60020233]
[ 75.6528668  233.80728065]
[ 53.84910037 121.01805094]
[214.11411131 251.91750235]
[ 84.43342535 231.61881664]
[ 95.52173553 136.38158746]
[163.23813975 155.54349236]
[64.91181964 58.25104221]
[ 98.58098236 126.69831992]
[232.15989878 144.02773358]
[100.85388337  26.80692478]
[ 32.8196185  260.68344097]
[ -9.23585903 226.32622672]
[188.34838958 150.80081159]
[143.25783773   6.45827422]
[102.34301342 179.68766235]
[164.95098215 195.14371037]
[108.24072775  91.93819029]
[164.45095248  81.93577037]
[147.82970484  74.59304914]
[-10.78630369 102.83442265]
[243.79763985 119.54636092]
[201.33020552 107.09266871]
[104.52355553 118.2644522 ]
[136.55667335  61.25947342]
[179.77748933 274.74788604]
[134.16798383  59.17872348]
[61.10834131 81.52887143]
[64.33024859 29.06822144]
[141.46036202 -14.4576782 ]
[265.12835503 109.51719253]
[ -8.69868173 150.80393773]
[125.62480202  79.58774773]
[ 41.10705748 132.68767775]
[ 89.08142323 142.26121106]
[69.43490206 62.04736262]
[ 26.01681681 102.42953378]
[325.76820051 104.10289326]
[158.46523367  44.34223805]
[ 76.19407226 114.45015312]
[151.72630318  46.98341028]
[ 71.14203593 -60.04950141]
[94.68049975  7.12002827]
[69.74945423 94.06506986]
[259.09415809 177.5906111 ]
[152.25703857 217.74865503]
[117.99029375 197.86977104]
[136.49180284 166.67052575]
[ -7.0671952  235.86775819]
[164.78933483  31.92814895]
[137.34779172  57.55489682]
[89.84145679 96.95989196]
[ 92.16315644 129.03017228]
[ 86.198956   174.73370817]
[121.07250319 177.42763885]
[107.31954077  92.96512482]
[ 91.53316577 -25.85158091]
[231.35662039 192.1271534 ]
[194.23405097 105.04913226]
[161.8811814  115.03227178]
[ 51.09999389 137.50578272]
[121.00929191  37.6033509 ]
[138.4749091  156.95499464]
[ 74.50626871 143.86920927]
[181.38505578  33.80248371]
[ 68.10160103 104.79872125]
[117.79554987 160.15367371]
[ 13.87545204 172.03500799]
[22.36324838 88.97100979]
[175.78700819 109.43650383]
[149.66702991  44.90965866]
[ -7.5025498  211.33283168]
[77.57985544 46.72447912]
[121.60032416  16.67267032]
[65.62639588 97.24502127]
[114.44595857  88.69484889]
[130.03890002 182.80546775]
[ 68.8167166  243.70270295]
[128.74690322 139.67624332]
[163.52816186 194.64068488]
[ 28.14410084 205.89554025]
[205.03093105 -18.13457908]
[155.27570195  75.5345588 ]
[ 76.52984285 141.04990456]
[111.92863793 125.96896377]
[153.05538348  69.68787607]
[ 60.53267356 202.22525778]
[191.98104608  75.91992531]
[137.56154756 125.31683407]
[175.51849925 221.7896864 ]
[145.73017509  94.93606232]
[109.33320793  96.25854178]
[115.66713464 245.2283132 ]
[ 62.33904594 152.33525174]
[  1.41238661 112.54099188]
[240.28574879  44.64677432]
[ 75.60240263 179.13570944]
[145.41909673  62.27110258]
[74.870582    6.84576525]
[163.72144407 132.47382049]
[154.67936181 198.18399425]
[138.05544694 222.30922413]
[ 95.65996707 152.99120761]
[11.82238357 86.1594513 ]
[129.13130109 141.64560129]
[124.22851726 164.44949286]
[ 74.27345145 168.7262343 ]
[ 68.58123723 183.26352281]
[77.61255787 28.34504534]
[197.42134599  81.91235436]
[ 29.28992029 137.9445421 ]
[52.06727304 55.3743438 ]
[158.84425499  94.7479493 ]
[176.6977468  145.97729553]
[133.88787657 127.44857093]
[ 72.07666095 177.52763757]
[105.65657438 127.93498698]
[207.18919698 129.38472954]
[-10.21018558 136.71451546]
[211.63164719 169.94368498]
[ 37.69719005 170.39492961]
[159.35904936 120.22247136]
[ 99.64040079 184.53806501]
[ 83.72420777 187.30337884]
[222.57619113 100.80342659]
[ 35.82257016 242.19774941]
[138.6844887  177.77007398]
[57.44703682 96.15827756]
[8.78191162 5.29008919]
[-15.28519701 -12.81355135]
[-48.81850413 -92.77808422]
[-72.69654617  32.38791187]
[ -6.49437035 -40.26335127]
[18.94051464 64.61307701]
[-61.97061818 -90.58920139]
[  43.99312892 -151.77527348]
[ 11.00789314 -20.33118642]
[-80.45300323 -10.29228256]
[ 46.9385692  -92.92579987]
[-117.07536991  -14.62356784]
[ -86.19701755 -137.70664615]
[-65.14498095 -19.98476724]
[81.64674472 -3.58719926]
[ 85.6282603  -52.59966334]
[31.96726972 46.87311484]
[40.23411291 96.14291782]
[-40.46720446 -33.92082518]
[  6.89732679 -11.8979763 ]
[-17.71490026  -2.16087273]
[-49.01448074 108.07815676]
[-62.05383373 -28.06766069]
[-68.51814116 -28.80063969]
[ 46.76429801 -26.9541323 ]
[ 20.36277595 -14.65158391]
[34.25785756 34.45427285]
[-46.75807029 -66.33355244]
[ 0.24436489 65.7853006 ]
[ 46.25068869 -60.60410053]
[-1.76038337  8.26220679]
[31.77602411 13.7885765 ]
[24.55336434 -4.325701  ]
[-19.95154367  97.8746637 ]
[94.37616134 16.84726741]
[-69.584319   -69.24438602]
[-91.92720516  34.90142189]
[-32.65935008   4.02362708]
[-55.73012031   8.98600757]
[-26.08921859 -17.52517645]
[ 6.39237271 13.25419644]
[-47.90771767  45.31642089]
[-64.97730501  62.74310575]
[ 43.68916767 -96.87326032]
[-105.84494249  -29.34662825]
[-28.57885785 -32.36389363]
[100.92920014 -54.02891405]
[  78.48243258 -117.28742069]
[76.83328819 -0.93643771]
[ 64.21724029 -81.71219577]
[-61.69084593  26.0657524 ]
[ 33.1048746 -11.909966 ]
[-106.2612308   -26.99125797]
[-165.93947021  -70.41490411]
[-91.61378674 -26.12245945]
[ -83.02882087 -117.83640881]
[70.2553005 80.4152886]
[-14.24323132 143.58442002]
[-29.85557034  29.37887281]
[ -8.99502577 120.38062694]
[ 78.33726582 -20.80782984]
[-120.91421019   26.07714063]
[ 71.00402244 129.65046337]
[44.28753486  7.77309193]
[-44.37300067 -60.0342329 ]
[-25.08572419  66.37869291]
[-39.69148961  11.40862079]
[-57.97297761 -47.10678836]
[ 39.83699544 -39.21835738]
[ -8.43684632 -30.15536984]
[31.35673158 72.93375157]
[-30.7289246   18.70121802]
[  0.76471002 -31.28860769]
[ 4.7850967  -9.34956276]
[-25.14382596 -57.79341808]
[ -2.57292245 -92.04032799]
[19.46212818 75.17221774]
[-13.31890036  36.40569655]
[-25.86571234 -98.88771856]
[ -92.0035493  -194.30833397]
[-89.86779941 -20.70662069]
[-2.71377062  2.21107492]
[-120.06558764  -38.19075523]
[-26.19300433  27.99053509]
[-25.17403846 -60.08962374]
[15.78451401 12.83004694]
[-132.69021223   87.15850633]
[-164.64470883  -40.93318826]
[55.73396141 31.98908979]
[-13.97065959  64.56708309]
[-36.85105719 -56.19948163]
[  58.29889413 -141.47004577]
[ 5.52762732 38.86105954]
[ -0.38224965 -68.891689  ]
[-13.88162946 -61.57296986]
[-67.81866908  -0.66562471]
[ 42.10095025 115.33902261]
[ 101.40366607 -109.24977872]
[-29.73884795  98.31523249]
[ 55.01753255 -47.23408417]
[-67.96580987 -99.53983979]
[ 35.93958992 -21.48799974]
[113.37277116 -49.28103768]
[-32.1107849  157.51994654]
[ -91.45770649 -125.63374458]
[-19.41477589  -8.94645019]
[-78.94520227 -90.3512078 ]
[35.65895084 89.33628228]
[-123.20315681   57.86219009]
[ 21.99337187 -43.23782639]
[ 99.13496998 -19.51351438]
[-0.77770762 74.22043857]
[-17.52623879 -30.26802583]
[25.72840963 62.53417789]
[ 11.17850931 -98.9565464 ]
[-75.50576381 -62.80174517]
[88.1376178  49.61009969]
[-99.26520005  22.87698131]
[23.87451298 25.0593978 ]
[ 50.53132007 -15.66521818]
[ 69.32137134 -73.06054475]
[-16.45916631  59.71135362]
[ -7.70152943 -11.16633554]
[ 82.49788962 -52.59181817]
[-22.90378721 -39.96969445]
[ 66.56582088 -14.69478233]
[ 27.34075445 -49.37572311]
[-44.94413929 129.46521942]
[-72.58810642 -37.7345441 ]
[  30.60878982 -105.24239516]
[-6.50064843 16.02200503]
[-11.63776839  21.59561753]
[-32.94243672  43.27877668]
[ 46.04608726 177.67624362]
[ -7.94729045 -18.1418059 ]
[-83.69984717  82.78313096]
[-7.71900012 28.43327373]
[ 42.0611327  -11.11286222]
[-47.21487213 -78.39987743]
[11.06306801 97.84466984]
[-1.71138048 94.84088877]
[ 6.10497998 40.27314767]
[  6.19643931 -37.13887199]
[  -5.799109   -104.75666818]
[-134.44642548 -101.0210239 ]
[-10.95714065  -3.35279296]
[ 83.07773129 -63.29793443]
[  -5.7711551  -125.41891196]
[ 24.35883336 -14.52441077]
[ 22.57901268 -43.91369645]
[-56.59745201 -85.70972581]
[ 46.09211614 -30.0856507 ]
[-128.59033993  -20.23068201]
[-32.92221081  40.96058794]
[-154.89047986   73.45978877]
[  34.89094911 -140.25079226]
[-63.17608471 -25.31322156]
[-89.4195452   36.49846797]
[ 45.40094152 -71.69343126]
[-26.3205108   29.01687861]
[ -27.89191481 -100.88788322]
[ 16.55865179 -15.22492904]
[-87.45996485 -21.0873566 ]
[-54.81615751 -33.05798892]
[-115.21704944   71.41292973]
[-98.67353616  22.11821975]
[-52.83589943  36.29747119]
[67.09447834 63.74358512]
[   3.39912115 -113.12383119]
[ 16.93846437 -53.61864977]
[ 7.42329103 -6.61498897]
[-76.50920255 -45.79454734]
[ -71.69122052 -103.54353171]
[-87.06488146  17.27663918]
[-54.76211412 -17.15184221]
[34.48872128 33.64862852]
[ 62.9016151  -49.60477604]
[-38.11925047  -1.46876774]
[-103.09649561   62.55020762]
[-76.31952289 -50.13220736]
[-109.2259245   -89.17252539]
[-77.20819384 -67.04511541]
[   3.12779047 -104.56382502]
[ -32.72050317 -107.26232831]
[-17.16545142 -99.4480945 ]
[  6.11374765 -92.55933624]
[-17.52268041 -66.05653318]
[-135.09329744  -71.27160762]
[-43.14468416 -25.94151446]
[  6.59021195 -38.24635347]
[-10.43448941 -75.93926423]
[-42.83658973 -69.52628284]
[-89.81673331 -33.16363974]
[-108.8485829    30.41609366]
[-67.69557681 -57.22526956]
[ -9.5551754  -53.95644303]
[-196.19702553  -50.7776467 ]
[-192.29143383   17.9640624 ]
[-19.3750543   39.83709276]
[  2.36009811 -28.32490746]
[  40.25864305 -108.87985478]
[-151.66217645  -89.14674736]
[-16.26271995 -14.51295095]
[-132.88015116  -48.09171443]
[ -66.17449972 -143.94410617]
[-41.47264074  66.54316542]
[-21.29551003 -60.71148044]
[-21.13944661 -47.67334814]
[ -80.73675124 -102.09281862]
[  27.07212635 -108.71157279]
[ -7.67350864 -46.40218737]
[-56.68487828 -61.61960857]
[-15.27629571  11.77223596]
[-145.51952296  -58.34771974]
[-129.74063304   20.11752543]
[-137.85939455  -36.53674129]
[-38.77869012 -96.24385107]
[-128.54082222  -18.41174916]
[-53.90301    -93.53995636]
[-38.89020135 -75.99636109]
[-21.18503072  21.84746357]
[-62.9265965  -38.62813838]
[ -40.75676576 -133.55377171]
[-49.9034675  -57.74812763]
[ -8.55403235 -66.46736325]
[  53.85868319 -110.42035134]
[ -29.75098175 -148.1017416 ]
[-151.76491421   71.09806044]
[-73.75784268 -97.73323839]
[-94.83179738 -97.61335387]
[ 35.63584845 -98.72540289]
[-94.27606217 -53.18652633]
[ -34.79797155 -118.85866591]
[ -87.93246012 -106.13875909]
[-108.7109359    66.92664151]
[-187.59265304 -121.24648238]
[ 51.19339492 -64.83758946]
[-9.10359607  6.9852731 ]
[-33.45658359 -62.87267691]
[-136.71780181 -176.97732863]
[-99.21420164 -83.38380535]
[-13.97988927 -20.68601603]
[ 19.23661241 -44.60564157]
[-99.1491229   22.49143774]
[  17.54101242 -145.87660946]
[-97.77677986 -52.68448412]
[-73.94900553 -60.74934474]
[-13.61108707 -42.36092708]
[54.50100455 -9.9099371 ]
[-102.79101743 -127.40842523]
[-154.14047559   -8.05490216]
[ -10.01246299 -141.44841282]
[-84.05962342  -3.61622536]
[-116.013716    -60.69751457]
[ 67.46601578 -47.56910965]
[-92.15089322 -64.52574926]
[-100.08016271   -6.6501595 ]
[-42.86542255 -42.43412407]
[ -4.88527029 -59.27590304]
[-82.96386639 -46.70346933]
[ -78.95975158 -232.20232844]
[-97.45217215 111.22045756]
[  30.71356861 -115.99571977]
[-37.40034445  12.09135452]
[ -52.59347763 -118.90965033]
[-110.72502277  -93.36357699]
[-113.7903798   -22.11712321]
[-109.92212275  -91.3490999 ]
[ 32.21439914 -87.08221303]
[-170.77792799  -35.84246445]
[-22.4568291  -55.84955545]
[-50.31006055 -83.74764687]
[-76.57207958   8.18999024]
[ -94.8431568  -101.41654503]
[-27.84196605 -73.10165722]
[-46.16798423  -4.39544441]
[ -88.65723304 -169.25843788]
[-44.92202974 -85.34044891]
[ -26.94593296 -168.00020213]
[-65.00146575 -68.61729304]
[-164.95152252  -28.03378902]
[-100.57357454 -160.92191583]
[-87.94546836 -90.35917998]
[-110.87786387 -193.12407076]
[ -99.05132667 -142.12549965]
[-73.59399104 -68.17772174]
[-184.19311087   10.63365179]
[-113.0259183  -182.08754817]
[-18.18700801 -28.04600538]
[-101.28652855  -97.68248508]
[ 14.52537268 -49.20732165]
[-13.89290679 -71.0776085 ]
[-71.97888589 -27.94555326]
[-116.74008492  -86.13276549]
[ -19.70034352 -132.70621178]
[34.93533489 -8.23553048]
[-143.0319978  -121.96083174]
[-41.68702562 -46.14553665]
[-85.71967589  16.50976964]
[-56.56000961 -43.36540676]
[  9.7999605  -76.49393753]
[-130.460101     16.26238485]
[-63.72456128 -26.77793066]
[ -1.19078157 -44.82622386]
[-147.83299171   41.31367713]
[-78.47091467 -71.82370982]
[-126.12818881   43.52603233]
[-87.71000106 -72.09886863]
[-89.43568027   3.95900342]
[-122.53241677  -29.14262466]
[-70.07269572  28.70494222]
[-87.96220144  77.9864174 ]
[ -4.82489901 111.49051554]
[-41.70308422  26.28159947]
[  -8.62549979 -135.90595164]
[-48.44445784 -25.09636864]
[-118.84527843  -67.41632507]
[-2.70550067 26.51999196]
[-58.12504878 -93.06157927]
[ -55.47746068 -196.3936128 ]
[ -65.19303286 -125.2892398 ]
[-12.60722742  48.78479422]
[ -99.18497022 -156.52023709]
[ -4.54084808 -87.20759967]
[ -41.18501921 -108.9333821 ]
[-153.67263255   -4.62536919]
[-136.75666618    4.19701372]
[-49.24181494 -90.47671795]
[-202.43211595  -96.87938682]
[  29.18462221 -101.33322028]
[65.34899364 -8.12761488]
[  20.12685014 -150.4215925 ]
[-20.89919831 -91.5799549 ]
[-8.15627384  6.7363561 ]
[-80.31347629 -71.40136657]
[ 93.86890033 -25.41458476]
[45.86874107 13.04293259]
[ -60.79625568 -120.25518164]
[  9.31735943 -23.57466868]
[-60.44798964 -83.9192358 ]
[ -31.58361121 -181.36575342]
[-59.89764946 -83.48361467]
[-81.1514044  -27.55660707]
[ 1.77187584 99.81888877]
[-72.93144902 -87.34530705]
[-104.3478996   -66.55083036]
[ -34.09954524 -223.4391689 ]
[ 18.05249216 -15.49626211]
[-75.87306561   2.50748628]
[-66.81096447 -62.30388975]
[-138.4885436    51.64347688]
[-119.55756925  -35.45911653]
[122.50215805 -80.53908584]
[-60.92228335 -44.27194761]
[-104.37622482  101.73914067]
[-19.77834406 -51.46483886]
[ 20.36794959 -73.11642506]
[73.75084021 44.33514209]
[  69.96916145 -143.25475384]
[-71.0731202   44.43131847]
[ -84.56762789 -126.43578194]
[ 53.55081017 -95.26672029]
[14.74343197 32.88710894]
[-113.70851976  -53.23237716]
[-121.58328807   28.56841746]
[-107.98461389  -63.06406434]
[ 100.39936225 -138.28036964]
[14.7607449  79.12650172]
[ -46.7346253  -101.53816869]
[ -72.35790585 -110.22043824]
[-137.68991335    5.93264272]
[-122.9651903   -79.01288989]
[-52.37595901 -57.37797346]
[  16.22458115 -157.61971388]
[-27.76588979   0.7311101 ]
[-44.33009651  28.49659679]
[-106.40277576  -21.02940354]
[-177.27527746  -60.29793078]
[-80.65008793 -10.99403975]
[ -50.52537587 -178.41751342]
[ 19.72507486 -58.72005243]
[-30.16476885 -37.05885811]
[-141.70221059  -22.84108705]
[-22.80171038 -35.01298842]
[ -37.76273764 -171.53914871]
[ 86.86573589 -46.23596989]
[  7.52688645 -67.46926881]
[-104.19891443 -102.57756588]
[ 21.48027908 -37.35067668]
[-99.93280036 -13.99118096]
[   8.05217039 -114.64031373]
[-76.43106456  12.12329944]
[-75.40266777 -69.75264607]
[ 8.95038978 13.49385194]
[-61.19972002  40.21313637]
[-93.04173561 -83.79371113]
[-67.65144631 132.31212158]
[   6.37309308 -102.06066836]
[ 1.29244368 26.76597722]
[ 10.21439074 -46.89740219]
[ -25.00262481 -144.23549434]
[-70.12207114 -83.23956733]
[-51.91038494  48.03436867]
[-107.99769751  -34.97110066]
[ 18.86055625 -35.249964  ]
[-79.7548923  -30.82097093]
[-85.74483444 -90.48575484]
[-54.25372858 -64.75025006]
[-121.87817798   81.92100888]
[-49.29299712  23.66660609]
[ -13.45451635 -111.22098637]
[-32.66093894  21.56613787]
[-16.68306895  86.87707208]
[-48.36245155  -0.95618858]
[-76.50716609 -99.91998429]
[-76.95722268  -8.39394148]
[-22.15346683 -16.68778923]
[ 53.50229296 -24.18790012]
[-36.71378978 -69.1836888 ]
[68.19112745 48.56238241]
[-67.70981823 -36.23745747]
[-50.73321539  33.39267131]
[-32.29459051  36.50170439]
[ -7.84715839 -78.67522436]
[-143.18927057  -35.67534576]
[  26.3801835  -108.20135474]
[-105.78452377  -80.9534721 ]
[-47.03273147 -48.66568048]
[-31.88007586 -42.40745006]
[ 20.87168701 -30.78004087]
[ -36.287485 -125.766495]
[ -9.6009925  -58.75077454]
[ 70.73364139 -99.46317272]
[-209.06635201  -57.09448625]
[-15.05555672   4.87484231]
[-89.35322966 -38.19311995]
[-26.46277716 -17.76962597]
[-58.15499598 -46.88885835]
[ -49.7154812  -111.76019502]
[ -4.80587807 -26.67023132]
[ 27.52157971 -44.26588132]
[-3.39779636 33.21070355]
[-72.18169996 -77.11180931]
[108.60739833 -97.96986922]
[   5.66405669 -170.78008232]
[-59.46142368 -48.48955827]
[-46.27908772  -4.11922872]
[-97.16370756 -13.03393208]
[-123.08462372   62.88918938]
[ -1.9175943  -28.11327681]
[ 18.57840682 -10.49937066]
[-74.52828244 -91.25117513]
[-186.38975892   14.48981765]
[-130.9444816   -90.28548252]
[-55.34255921  48.935262  ]
[-94.19259443 -83.18788123]
[ -49.97313036 -103.0884093 ]
[ -42.88343975 -106.46011001]
[  9.14113611 -68.46611071]
[-46.62832526 -77.58012531]
[ -12.82010775 -105.86126544]
[-99.34841938  12.33763318]
[-103.78097232  -68.87233654]
[ 66.98424821 -46.28281646]
[-48.70867686  17.4745648 ]
[-1.55597217 43.27163477]
[-49.85515976 -69.66714841]
[-37.64819361  73.19357878]
[-104.59555098  -61.72830527]
[ 20.48687568 -85.33924375]
[-87.39518729 -61.39931472]
[ -7.01921078 -26.03618912]
[-49.63307832  28.26030481]
[-72.57820834 -72.92232168]
[35.93633969  1.07634766]
[-59.59001057 -55.97751423]
[ -96.2160194  -109.13248292]
[ -51.14118827 -128.15438886]
[-112.01324283  -24.89715592]
[-25.67137175  37.22127904]
[-8.45273745 40.6859816 ]
[ 14.03749444 -53.65099893]
[-152.63637475  -84.0042435 ]
[-48.52379458 -52.92114469]
[-15.69938417 -94.51249293]
[-26.53309791 -35.50893373]
[7.19019997 1.05978485]
[-43.98243926 -55.89729954]
[-26.20432819 -45.55469019]
[  5.5080399  -45.58863579]
[-69.1072617  -64.07483183]
[122.54594663 -45.83721333]
[-30.32848084   7.1084424 ]
[-34.41303691  36.83987954]
[-26.78331559  -4.65311351]
[ -53.32122463 -121.76049298]
[-15.34577617 -84.61544325]
[-24.18489973 -83.87798275]
[-227.31591543 -182.46763677]
[ -93.80432631 -271.20571794]
[-300.84490169  -68.36524644]
[-241.62137318 -222.34239761]
[-268.27746438 -349.67862296]
[-269.33714647 -197.45389458]
[-227.42283327 -172.74217056]
[-176.27170753 -217.13831199]
[-248.61891877 -197.28351837]
[-226.92098339 -229.5443958 ]
[-143.23219093 -270.82603697]
[-105.19094443 -204.70647302]
[-118.55650095  -86.72335055]
[-299.94569632 -117.41186927]
[-162.64024746 -254.203426  ]
[-229.18961895 -130.33624545]
[-312.25646538 -218.25238755]
[-293.48197793 -210.85741174]
[-300.04690119 -208.2291552 ]
[-190.28051691 -224.6955778 ]
[-147.6095029  -239.26746039]
[-177.75492907 -278.20585287]
[-254.22972642 -110.82534049]
[-245.49846462 -278.74162934]
[ -78.98636808 -238.32331303]
[-270.84267825 -138.29669786]
[-251.98830761 -230.79101107]
[-253.51522644 -196.16494283]
[-184.89079089 -202.61379345]
[-199.56106381 -199.72874786]
[-191.46306209 -139.49878126]
[-155.17722718 -117.7449575 ]
[-284.81501918 -278.19182016]
[-212.05411881 -166.15359357]
[-232.61979856 -188.09121034]
[-248.52331114 -256.40985723]
[-250.64824981 -171.13870817]
[ -95.20802586 -294.89539761]
[-216.363319   -286.46170997]
[-241.35297011 -257.64365001]
[-248.27681778 -196.21440732]
[-255.30994289 -154.61255028]
[-182.10763044 -268.79370913]
[-153.91065221 -185.27733413]
[-287.78296476 -214.6474899 ]
[-191.98158894 -191.69579969]
[-259.5559721  -249.65085248]
[-210.69116352 -268.88831017]
[-305.90482637 -188.86479475]
[-190.5656616  -218.59021721]
[-251.81344034 -151.60267094]
[-244.39187262 -294.36306481]
[-152.04586997 -248.43163476]
[-217.71035278 -206.43211777]
[-221.30181472 -245.30346625]
[-121.36692633 -113.91506342]
[-145.22899953 -303.91278501]
[-232.71996573  -92.39861764]
[-274.51463577 -170.86658043]
[-251.10061818  -47.7970176 ]
[-237.18922322  -43.64706318]
[-180.29294853 -251.41656111]
[-238.19214927 -262.47638723]
[-227.67807108 -238.99008091]
[-179.2042543  -243.45426855]
[-241.31727418 -215.13829247]
[-337.09980269 -272.88530393]
[ -80.35752659 -162.64786798]
[-257.25165774 -266.63260435]
[-222.81277027 -258.15782577]
[ -77.02203764 -242.25226062]
[-232.94439979 -120.20989798]
[-268.23638552 -243.17940649]
[-248.19955185 -199.41464949]
[ -80.83681445 -258.08835435]
[-135.53974036 -140.8607605 ]
[-210.55814874 -237.75781037]
[-100.80624212 -207.61157025]
[-339.56463497 -356.23109675]
[-337.76009158 -147.49180932]
[-276.40743256 -294.889544  ]
[-103.61564524 -273.9351226 ]
[-218.82190421 -280.65870733]
[-233.33823796 -241.65943568]
[-192.23370037 -273.96730832]
[-178.06881093 -174.67795871]
[-150.92186807 -207.33595541]
[-142.4771227  -263.26150749]
[-237.15188017  -17.9614935 ]
[-131.90686377 -232.86591946]
[-253.82190507 -208.45108813]
[-251.35681981 -250.01086245]
[-281.10476489 -163.16581372]
[-178.83603001 -155.80487672]
[-182.63834807  -31.27979948]
[-258.2889263  -188.61531831]
[-187.98124187 -170.38221846]
[-153.01982268 -286.08615469]
[ -88.16351472 -142.26707409]
[-184.818154   -169.79167721]
[-166.33444386 -204.51505094]
[-152.95282268 -213.42938209]
[-324.75856481 -273.35282444]
[-185.04691178  -92.69272732]
[-344.66319602 -181.7633517 ]
[-198.59392834 -201.72723247]
[-250.28591578 -266.10554138]
[-234.24627723 -181.72750633]
[-148.81490033 -148.84645676]
[-228.96354299 -227.80768457]
[-111.33461461 -119.81761626]
[-256.6156251  -193.62905323]
[-209.85948187 -270.63703135]
[-185.08268783  -75.76786299]
[-218.95329925 -220.39332206]
[-294.6665496  -165.46671983]
[-235.76631778 -343.23377119]
[-205.34409191 -171.66080826]
[-176.17490419 -258.35572875]
[-243.07559065 -127.55108811]
[-314.55882041 -112.92574854]
[-186.4605575  -229.80382542]
[-254.18611853 -249.04666009]
[-227.48000849 -189.63298401]
[-206.41793295 -245.87557044]
[-131.31589047 -169.83469013]
[-274.51875969 -183.29116709]
[-130.69827826 -234.83409409]
[-170.09173649 -210.81452814]
[-232.21374133 -181.27038818]
[-125.24775125 -106.28511599]
[-242.78341763 -234.84299124]
[-229.65771856 -262.83370262]
[-242.91710903 -237.121088  ]
[-194.8559273  -289.04910812]
[-224.01204601 -174.34610632]
[-237.64648623 -218.5507862 ]
[-225.13846738 -160.69612917]
[-204.36884675 -242.00212443]
[-257.34017351 -181.55887407]
[-283.31163698 -232.51956636]
[-221.53740596  -95.35538382]
[-284.58702723 -241.5455461 ]
[-209.76505645 -307.6468269 ]
[-188.19559406 -175.49077462]
[-216.12423149 -268.14456635]
[-229.69519048 -184.26530047]
[-224.04896607 -209.95010651]
[-235.08566575 -193.38918538]
[-126.31628791 -265.75738941]
[-270.95302917  -98.34348152]
[-181.97092537 -156.21225838]
[-188.35717267 -164.00527413]
[-116.65006467 -282.82950345]
[-182.68076901 -297.26050072]
[-224.94964258 -188.25768314]
[ -89.98628777 -129.44855817]
[-179.59741084 -133.87548926]
[-144.70429776 -319.2835683 ]
[-168.94565905 -188.57153637]
[-243.28655003 -191.06639474]
[ -88.05102494 -124.94511715]
[-147.29672598 -345.38206358]
[-174.177678   -198.62096207]
[-213.60191465 -190.3882182 ]
[-304.04766021 -126.83121974]
[214.95577193 302.79702372]
[391.40007907 356.16206811]
[333.44113502 303.79638142]
[417.92445276 276.66993454]
[411.53585531 285.05664116]
[216.84663829 346.49651594]
[279.79367038 331.01033424]
[275.13643563 364.606705  ]
[417.63180984 293.38066701]
[278.51268839 341.24914448]
[261.70391774 315.83283453]
[432.92214399 369.74643405]
[357.73123888 304.42748256]
[278.71717736 446.36764315]
[384.33937525 412.37140466]
[371.53981759 312.88119103]
[322.49868012 292.36446432]
[331.60246864 234.80766515]
[358.62469892 293.49485508]
[307.97600317 290.92418638]
[333.6877757  335.38037238]
[284.30003769 232.83017927]
[389.08323745 321.20616063]
[260.97655142 308.52041955]
[314.58218925 350.45388864]
[350.25671409 456.07503751]
[239.27696417 281.43120139]
[129.93741933 409.5977383 ]
[367.70361258 345.43695542]
[381.52471962 403.87984453]
[311.03616828 333.76009297]
[237.0371522  344.42841774]
[308.8052977  253.55160074]
[479.88775463 331.54924756]
[338.86164106 350.66603461]
[296.47737115 189.86758989]
[319.96580445 373.03831371]
[336.07182761 226.66088917]
[158.54950648 269.7189245 ]
[312.83617    360.60034598]
[316.41502303 379.06550567]
[247.03653712 346.01527373]
[238.2489503  268.22953161]
[315.81003639 297.4612378 ]
[315.03729103 178.18991084]
[333.36896905 253.9399522 ]
[234.11458252 290.21036211]
[265.20195558 314.40172475]
[399.54532158 311.61903978]
[138.36413124 302.88479632]
[367.27041198 372.84381766]
[452.31539937 360.43271113]
[343.81230356 206.99699596]
[349.06820764 488.95034277]
[261.16505209 280.82573778]
[256.39357301 338.75760582]
[356.2739276  322.20696124]
[418.14023326 348.54203611]
[250.16823779 269.693101  ]
[272.75557092 268.57328931]
[285.23313054 325.27474342]
[276.13818331 466.50725699]
[276.50417792 147.14431063]
[250.12246346 335.39909471]
[450.87277842 238.07603873]
[253.46696568 406.77313833]
[249.62306128 417.38744783]
[291.26738432 380.06809862]
[324.79803139 319.4889133 ]
[266.38988598 395.15634831]
[282.22385534 387.69121355]
[282.21423903 320.03070424]
[341.55011168 368.91541538]
[308.12032206 332.6935263 ]
[361.69211422 229.14974302]
[311.83498165 245.93007178]
[321.89778786 371.74629083]
[192.01286181 330.83266788]
[284.73496086 327.91180323]
[339.48763789 306.88528894]
[226.4691881  338.02147921]
[378.20114377 458.80271284]
[261.97872802 303.5089619 ]
[341.66287273 444.62511305]
[204.01416213 296.87799078]
[315.69305844 246.42949528]
[289.71831007 319.55035239]
[432.5522724 315.8684207]
[267.51924089 358.56332764]
[274.14639171 227.68647299]
[276.88429265 390.23022623]
[415.44578446 364.66531686]
[334.48305409 414.43673537]
[421.35419743 365.45603847]
[359.92776212 319.87688118]
[369.13243225 230.06506002]
[288.93765756 301.1435801 ]
[344.86116528 405.16477009]
[281.74424116 323.27104759]
[364.8222233  299.00729836]
[244.62985479 280.88724884]
[334.76602518 333.7379036 ]
[211.41879037 385.43005125]
[308.68748444 345.72755667]
[388.45081633 484.12350027]
[289.94092068 391.76485741]
[338.30854277 270.73616324]
[330.90599194 354.16661232]
[348.06753873 250.50886036]
[304.32968783 359.95172909]
[357.23324514 417.65490195]
[302.32298763 327.57002812]
[350.02832976 292.96558817]
[334.02478046 281.37014203]
[475.72702217 334.85226386]
[317.42585195 309.30659506]
[222.50354263 255.55354521]
[350.43928792 329.70578855]
[402.88828952 385.45326493]
[391.78962929 302.25262485]
[289.41444657 280.17203307]
[375.50677094 299.57821308]
[334.00441273 244.05573233]
[339.07027018 398.54461741]
[398.07896441 298.35122055]
[393.88879139 390.67075185]
[230.56928182 330.4570643 ]
[357.82367104 316.07640236]
[281.53698842 280.86442852]
[311.21374358 312.81192735]
[341.00509606 288.16172009]
[344.12529904 327.03420109]
[346.57656412 317.31669088]
[399.31423725 349.37207671]
[279.47404769 420.28791102]
[296.9411458  414.68868972]
[290.81779683 311.73167204]
[301.22495941 321.78909171]
[343.62120307 365.9555552 ]
[369.18302591 402.08603666]
[342.55710135 338.93748025]
[347.44448658 267.07174575]
[381.79345054 322.42293375]
[338.47249886 308.24770706]
[296.12318061 283.81471514]
[305.48107187 264.30955703]
[381.40986508 297.8653404 ]
[306.2293829  256.35483014]
[300.91573978 310.03816028]
[487.86524045 334.70110648]
[314.80356273 320.28997187]
[259.73550876 381.02567628]
[185.85771427 383.50461671]
[411.34256611 305.19384203]
[322.69879074 259.89186195]
[257.7238973  293.91194622]
[234.78509225 320.86311005]
[386.49686814 320.02816242]
[271.25122095 241.83815496]
[341.40846768 416.7976813 ]
[353.53836205 155.07369044]
[395.7622881  286.29602282]
[268.74627675 280.00718429]
[287.34153141 331.2377548 ]
[233.82562444 288.88112312]
[267.37746828 429.47099258]
[418.42768286 443.98403995]
[257.67049639 304.09125787]
[449.09144163 377.18382632]
[277.28392022 272.83429314]
